1;907;320;500;3
2;-154;349;500;4
3;915;193;500;2
4;1037;297;500;3
5;782;402;500;4
1;100;100;0
2;100;100;0
1;781;323;500;3
2;789;201;500;2
3;911;294;500;3
4;26;386;500;4
5;1048;224;500;3
6;980;434;500;4
7;1116;365;500;2
1;100;100;0
2;100;100;0
1;627;155;500;2
2;766;467;500;3
3;905;361;500;3
4;140;152;500;4
5;974;250;500;2
6;1041;524;500;3
7;1124;204;500;4
1;650;245;500
2;100;100;0
1;524;159;500;2
2;663;489;500;3
3;802;373;500;3
4;-478;163;500;4
5;871;258;500;2
6;938;519;500;3
7;506;208;500;4
8;1076;186;500;3
1;650;245;500
2;100;100;0
1;46;-46;500;2
2;719;142;500;3
3;719;234;500;2
4;858;24;500;3
5;-472;3;500;4
6;996;123;500;3
7;512;217;500;4
8;1069;330;500;2
1;450;195;3000
2;100;100;0
1;-53;-56;500;2
2;620;131;500;3
3;620;238;500;2
4;759;21;500;3
5;897;105;500;3
6;-82;210;500;4
7;970;345;500;2
8;1030;20;500;3
9;884;210;500;4
1;450;195;3000
2;100;100;0
