1;863;300;500;3
2;-436;430;500;4
3;866;333;500;2
4;986;117;500;3
5;464;494;500;4
1;605;175;0
2;100;100;0
1;508;319;500;3
2;511;356;500;2
3;631;123;500;3
4;772;7;500;3
5;836;158;500;2
6;904;327;500;3
7;296;553;500;4
8;1042;114;500;3
1;605;175;0
2;100;100;0
1;543;310;500;2
2;668;157;500;3
3;801;419;500;3
4;-484;353;500;4
5;871;314;500;2
6;939;446;500;3
7;506;49;500;4
8;1075;157;500;3
1;635;165;500
2;100;100;0
1;446;305;500;2
2;571;169;500;3
3;704;412;500;3
4;774;308;500;2
5;842;426;500;3
6;-76;51;500;4
7;978;145;500;3
8;902;163;500;4
9;1115;288;500;3
10;1115;50;500;2
1;635;165;500
2;100;100;0
